          given-code: 0.001973   0.002057  
         without_NMS: 0.183013   0.652564  
            with_NMS: 0.419844   0.360965  
              Hyper1: 0.515472   0.759382  
              Hyper2: 0.518498   0.745306  
        Extra_credit: 0.541495   0.740526  
